       2901.7441    2.4616895e-21    2.8748775e-18   -4.6705932e-20       -18.973121
       2901.7441    -6.656009e-07    -0.0016652504    2.1982102e-06        -3.302595
       2901.7441   -1.3096676e-06    -0.0032764952    4.1032447e-06       -3.1330428
       2901.7441   -1.9114842e-06    -0.0047817689    5.4582941e-06       -2.8555267
       2901.7441   -2.4519245e-06    -0.0061330776    6.0747794e-06       -2.4775557
       2901.7441   -2.9141348e-06    -0.0072881228    5.8557992e-06       -2.0094469
       2901.7441   -3.2840949e-06    -0.0082117354    4.8083357e-06       -1.4641281
       2901.7441   -3.5510365e-06    -0.0088769605    3.0428125e-06       -0.8568801
       2901.7441   -3.7077077e-06    -0.0092657563    7.6014459e-07       -0.2050174
       2901.7441   -3.7504875e-06    -0.0093692995   -1.7720971e-06       0.47249779
       2901.7441   -3.6793565e-06    -0.0091879099    -4.251543e-06        1.1555127
       2901.7441    -3.497745e-06    -0.0087306336   -6.3771475e-06        1.8232168
       2901.7441   -3.2122777e-06     -0.008014541   -7.8853449e-06        2.4547519
       2901.7441   -2.8324424e-06    -0.0070638137   -8.5819907e-06        3.0298906
       2901.7441   -2.3702058e-06    -0.0059086964   -8.3662715e-06        3.5297659
       2901.7441   -1.8396002e-06    -0.0045843919   -7.2436437e-06        3.9376184
       2901.7441   -1.2563002e-06    -0.0031299606   -5.3261051e-06        4.2395162
       2901.7441   -6.3720016e-07    -0.0015872685   -2.8196062e-06        4.4249929
       2901.7441    4.7645603e-21   -7.4102389e-19    7.2978018e-20        15.316842
       2901.7441    6.3720016e-07     0.0015872685    2.8196062e-06        4.4249929
       2901.7441    1.2563002e-06     0.0031299606    5.3261051e-06        4.2395162
       2901.7441    1.8396002e-06     0.0045843919    7.2436437e-06        3.9376184
       2901.7441    2.3702058e-06     0.0059086964    8.3662715e-06        3.5297659
       2901.7441    2.8324424e-06     0.0070638137    8.5819907e-06        3.0298906
       2901.7441    3.2122777e-06      0.008014541    7.8853449e-06        2.4547519
       2901.7441     3.497745e-06     0.0087306336    6.3771475e-06        1.8232168
       2901.7441    3.6793565e-06     0.0091879099     4.251543e-06        1.1555127
       2901.7441    3.7504875e-06     0.0093692995    1.7720971e-06       0.47249779
       2901.7441    3.7077077e-06     0.0092657563   -7.6014459e-07       -0.2050174
       2901.7441    3.5510365e-06     0.0088769605   -3.0428125e-06       -0.8568801
       2901.7441    3.2840949e-06     0.0082117354   -4.8083357e-06       -1.4641281
       2901.7441    2.9141348e-06     0.0072881228   -5.8557992e-06       -2.0094469
       2901.7441    2.4519245e-06     0.0061330776   -6.0747794e-06       -2.4775557
       2901.7441    1.9114842e-06     0.0047817689   -5.4582941e-06       -2.8555267
       2901.7441    1.3096676e-06     0.0032764952   -4.1032447e-06       -3.1330428
       2901.7441     6.656009e-07     0.0016652504   -2.1982102e-06        -3.302595
       2901.7441     2.646978e-23    2.5298123e-18               -0               -0
