       2901.7441   -5.2013731e-07    -0.0013929385    6.7710413e-05       -130.17796
       2901.7441   -9.7396426e-07    -0.0026064132    0.00012474048       -128.07501
       2901.7441   -1.3062894e-06    -0.0034907404    0.00016224064       -124.19961
       2901.7441   -1.4816042e-06    -0.0039491233    0.00017463476        -117.8687
       2901.7441     -1.48838e-06     -0.003949566    0.00016039936       -107.76775
       2901.7441   -1.3387094e-06    -0.0035244597    0.00012208702       -91.197546
       2901.7441   -1.0642519e-06     -0.002760178    6.5701957e-05       -61.735342
       2901.7441   -7.1023781e-07    -0.0017811226   -3.2959818e-07       0.46406735
       2901.7441   -3.2908456e-07   -0.00073223428   -6.6353584e-05         201.6308
       2901.7441    2.5779876e-08     0.0002383722   -0.00012271456       -4760.0911
       2901.7441    3.0613154e-07    0.00099706351   -0.00016098276        -525.8614
       2901.7441     4.754482e-07     0.0014430027   -0.00017514976       -368.38874
       2901.7441    5.1508158e-07     0.0015252854   -0.00016266024       -315.79511
       2901.7441    4.2851079e-07     0.0012545659   -0.00012503835       -291.79743
       2901.7441    2.4189064e-07    0.00070441046   -6.7865294e-05       -280.56188
       2901.7441    -4.446923e-21    5.1119548e-18    1.9382962e-18       -435.87356
       2901.7441   -2.4189064e-07   -0.00070441046    6.7865294e-05       -280.56188
       2901.7441   -4.2851079e-07    -0.0012545659    0.00012503835       -291.79743
       2901.7441   -5.1508158e-07    -0.0015252854    0.00016266024       -315.79511
       2901.7441    -4.754482e-07    -0.0014430027    0.00017514976       -368.38874
       2901.7441   -3.0613154e-07   -0.00099706351    0.00016098276        -525.8614
       2901.7441   -2.5779876e-08    -0.0002383722    0.00012271456       -4760.0911
       2901.7441    3.2908456e-07    0.00073223428    6.6353584e-05         201.6308
       2901.7441    7.1023781e-07     0.0017811226    3.2959818e-07       0.46406735
       2901.7441    1.0642519e-06      0.002760178   -6.5701957e-05       -61.735342
       2901.7441    1.3387094e-06     0.0035244597   -0.00012208702       -91.197546
       2901.7441      1.48838e-06      0.003949566   -0.00016039936       -107.76775
       2901.7441    1.4816042e-06     0.0039491233   -0.00017463476        -117.8687
       2901.7441    1.3062894e-06     0.0034907404   -0.00016224064       -124.19961
       2901.7441    9.7396426e-07     0.0026064132   -0.00012474048       -128.07501
       2901.7441    5.2013731e-07     0.0013929385   -6.7710413e-05       -130.17796
       2901.7441    2.5675686e-21    5.8136694e-18   -2.2652377e-18       -882.25011
