       2901.7441   -5.5186874e-08   -0.00014819769    7.2985023e-06       -132.25069
       2901.7441   -1.0359813e-07   -0.00027790024    1.3480758e-05       -130.12549
       2901.7441   -1.3944505e-07   -0.00037331565    1.7603019e-05       -126.23624
       2901.7441   -1.5875385e-07   -0.00042362518    1.9038801e-05       -119.92655
       2901.7441    -1.599065e-07   -0.00042446948    1.7573251e-05       -109.89704
       2901.7441   -1.4381855e-07   -0.00037844086     1.343334e-05       -93.404783
       2901.7441   -1.1373975e-07    -0.0002945398    7.2507672e-06       -63.748752
       2901.7441   -7.4720777e-08   -0.00018671029   -3.5278018e-08        0.4721313
       2901.7441   -3.2833256e-08   -7.1691966e-05   -7.3200273e-06        222.94552
       2901.7441    5.7418846e-09    3.3494585e-05   -1.3498742e-05       -2350.9254
       2901.7441    3.5630008e-08    0.00011407497   -1.7632328e-05       -494.87296
       2901.7441    5.3054411e-08    0.00015970517   -1.9089259e-05       -359.80532
       2901.7441    5.6388779e-08    0.00016599314   -1.7642835e-05       -312.87847
       2901.7441    4.6382784e-08    0.00013511614   -1.3508284e-05       -291.23486
       2901.7441    2.6016951e-08    7.5414478e-05   -7.3125686e-06       -281.06939
       2901.7441   -3.9042925e-22    2.1037557e-18     4.086769e-20       -104.67374
       2901.7441   -2.6016951e-08   -7.5414478e-05    7.3125686e-06       -281.06939
       2901.7441   -4.6382784e-08   -0.00013511614    1.3508284e-05       -291.23486
       2901.7441   -5.6388779e-08   -0.00016599314    1.7642835e-05       -312.87847
       2901.7441   -5.3054411e-08   -0.00015970517    1.9089259e-05       -359.80532
       2901.7441   -3.5630008e-08   -0.00011407497    1.7632328e-05       -494.87296
       2901.7441   -5.7418846e-09   -3.3494585e-05    1.3498742e-05       -2350.9254
       2901.7441    3.2833256e-08    7.1691966e-05    7.3200273e-06        222.94552
       2901.7441    7.4720777e-08    0.00018671029    3.5278018e-08        0.4721313
       2901.7441    1.1373975e-07     0.0002945398   -7.2507672e-06       -63.748752
       2901.7441    1.4381855e-07    0.00037844086    -1.343334e-05       -93.404783
       2901.7441     1.599065e-07    0.00042446948   -1.7573251e-05       -109.89704
       2901.7441    1.5875385e-07    0.00042362518   -1.9038801e-05       -119.92655
       2901.7441    1.3944505e-07    0.00037331565   -1.7603019e-05       -126.23624
       2901.7441    1.0359813e-07    0.00027790024   -1.3480758e-05       -130.12549
       2901.7441    5.5186874e-08    0.00014819769   -7.2985023e-06       -132.25069
       2901.7441     1.144818e-21    1.2376418e-18    5.8382415e-21        5.0997116