       2901.7441   -6.3102778e-06     -0.016074233    1.0633947e-05       -1.6851789
       2901.7441   -5.9675074e-06     -0.015202838    1.3957348e-05       -2.3388908
       2901.7441   -5.3903074e-06     -0.013732805    1.5831783e-05       -2.9370836
       2901.7441   -4.5989958e-06      -0.01171645    1.5903768e-05       -3.4580958
       2901.7441   -3.6231691e-06    -0.0092298326    1.4070204e-05        -3.883397
       2901.7441   -2.5007413e-06    -0.0063700551    1.0498358e-05       -4.1980986
       2901.7441   -1.2764696e-06    -0.0032513343    5.6053979e-06       -4.3913291
       2901.7441   -3.1763736e-21    5.0838513e-18    3.1526504e-19       -99.253137
       2901.7441    1.2764696e-06     0.0032513343   -5.6053979e-06       -4.3913291
       2901.7441    2.5007413e-06     0.0063700551   -1.0498358e-05       -4.1980986
       2901.7441    3.6231691e-06     0.0092298326   -1.4070204e-05        -3.883397
       2901.7441    4.5989958e-06       0.01171645   -1.5903768e-05       -3.4580958
       2901.7441    5.3903074e-06      0.013732805   -1.5831783e-05       -2.9370836
       2901.7441    5.9675074e-06      0.015202838   -1.3957348e-05       -2.3388908
       2901.7441    6.3102778e-06      0.016074233   -1.0633947e-05       -1.6851789
       2901.7441     6.408039e-06      0.016319854   -6.4086599e-06       -1.0000969
       2901.7441    6.2599455e-06      0.015937893   -1.9375478e-06      -0.30951512
       2901.7441    5.8744783e-06      0.014950833    2.1140209e-06       0.35986531
       2901.7441    5.2687063e-06      0.013403387    5.1713656e-06       0.98152475
       2901.7441    4.4673086e-06      0.011359687    6.8360696e-06        1.5302434
       2901.7441    3.5014444e-06     0.0089000407    6.9443354e-06        1.9832774
       2901.7441    2.4075374e-06     0.0061175229    5.5891205e-06        2.3215094
       2901.7441    1.2260136e-06     0.0031146215    3.1023932e-06         2.530472
       2901.7441   -9.2644229e-22    1.5431407e-19    8.7573622e-20       -94.526797
       2901.7441   -1.2260136e-06    -0.0031146215   -3.1023932e-06         2.530472
       2901.7441   -2.4075374e-06    -0.0061175229   -5.5891205e-06        2.3215094
       2901.7441   -3.5014444e-06    -0.0089000407   -6.9443354e-06        1.9832774
       2901.7441   -4.4673086e-06     -0.011359687   -6.8360696e-06        1.5302434
       2901.7441   -5.2687063e-06     -0.013403387   -5.1713656e-06       0.98152475
       2901.7441   -5.8744783e-06     -0.014950833   -2.1140209e-06       0.35986531
       2901.7441   -6.2599455e-06     -0.015937893    1.9375478e-06      -0.30951512
       2901.7441    -6.408039e-06     -0.016319854    6.4086599e-06       -1.0000969
