       2901.7441      1.29778e-07    0.00043135353   -8.1899791e-05       -631.07606
       2901.7441    2.0710639e-07    0.00071730092   -0.00015189972       -733.43812
       2901.7441    1.8651672e-07    0.00073146155   -0.00019957479       -1070.0102
       2901.7441    3.6956378e-08     0.0003865756   -0.00021743942       -5883.6778
       2901.7441   -2.5100033e-07   -0.00034612264   -0.00020224534        805.75729
       2901.7441   -6.6017347e-07    -0.0014234154   -0.00015579957        235.99793
       2901.7441   -1.1464133e-06    -0.0027286319   -8.4978823e-05         74.12582
       2901.7441    -1.644182e-06    -0.0040857858   -7.8610219e-07       0.47811142
       2901.7441   -2.0774421e-06    -0.0052880268    8.3451961e-05       -40.170534
       2901.7441   -2.3733138e-06    -0.0061342018    0.00015440168       -65.057424
       2901.7441   -2.4751244e-06    -0.0064647679    0.00020104116       -81.224668
       2901.7441   -2.3519809e-06    -0.0061891313    0.00021646874       -92.036776
       2901.7441    -2.003215e-06    -0.0052994291    0.00019885353       -99.267196
       2901.7441   -1.4573776e-06    -0.0038693263    0.00015142679       -103.90361
       2901.7441   -7.6683249e-07    -0.0020402076     8.166676e-05       -106.49883
       2901.7441   -4.5528021e-21   -2.2240436e-17   -7.4729491e-19        164.13955
       2901.7441    7.6683249e-07     0.0020402076    -8.166676e-05       -106.49883
       2901.7441    1.4573776e-06     0.0038693263   -0.00015142679       -103.90361
       2901.7441     2.003215e-06     0.0052994291   -0.00019885353       -99.267196
       2901.7441    2.3519809e-06     0.0061891313   -0.00021646874       -92.036776
       2901.7441    2.4751244e-06     0.0064647679   -0.00020104116       -81.224668
       2901.7441    2.3733138e-06     0.0061342018   -0.00015440168       -65.057424
       2901.7441    2.0774421e-06     0.0052880268   -8.3451961e-05       -40.170534
       2901.7441     1.644182e-06     0.0040857858    7.8610219e-07       0.47811142
       2901.7441    1.1464133e-06     0.0027286319    8.4978823e-05         74.12582
       2901.7441    6.6017347e-07     0.0014234154    0.00015579957        235.99793
       2901.7441    2.5100033e-07    0.00034612264    0.00020224534        805.75729
       2901.7441   -3.6956378e-08    -0.0003865756    0.00021743942       -5883.6778
       2901.7441   -1.8651672e-07   -0.00073146155    0.00019957479       -1070.0102
       2901.7441   -2.0710639e-07   -0.00071730092    0.00015189972       -733.43812
       2901.7441     -1.29778e-07   -0.00043135353    8.1899791e-05       -631.07606
       2901.7441   -2.0090563e-20   -2.6177285e-17   -1.1442953e-18        56.956858
