       2901.7441   -6.3527471e-21    4.9174723e-18     1.401178e-19       -22.056253
       2901.7441   -1.3200122e-06    -0.0032993299    2.8478045e-06       -2.1574077
       2901.7441   -2.5979948e-06    -0.0064937968    5.2964171e-06       -2.0386558
       2901.7441   -3.7934478e-06    -0.0094822417    6.9967493e-06       -1.8444301
       2901.7441   -4.8688437e-06      -0.01217074    7.6936518e-06       -1.5801805
       2901.7441   -5.7909107e-06     -0.014475803    7.2580613e-06        -1.253354
       2901.7441   -6.5317021e-06      -0.01632712    5.7035821e-06      -0.87321528
       2901.7441   -7.0694201e-06     -0.017669753    3.1856401e-06      -0.45062255
       2901.7441   -7.3889797e-06     -0.018465703   -1.6493199e-08     0.0022321348
       2901.7441   -7.4823108e-06     -0.018694803    -3.532504e-06       0.47211404
       2901.7441   -7.3484082e-06      -0.01835492   -6.9447371e-06       0.94506686
       2901.7441   -6.9931466e-06     -0.017461477   -9.8377392e-06        1.4067686
       2901.7441   -6.4288895e-06     -0.016046361   -1.1847989e-05        1.8429293
       2901.7441   -5.6739277e-06     -0.014156328   -1.2708087e-05        2.2397337
       2901.7441   -4.7517878e-06     -0.011851045   -1.2280147e-05        2.5843214
       2901.7441   -3.6904505e-06    -0.0092009249   -1.0574194e-05        2.8652854
       2901.7441   -2.5215112e-06    -0.0062848862   -7.7489916e-06        3.0731538
       2901.7441   -1.2793036e-06     -0.003188133   -4.0948185e-06        3.2008185
       2901.7441   -1.9322939e-21    -6.269272e-19    4.6122108e-19       -238.69095
       2901.7441    1.2793036e-06      0.003188133    4.0948185e-06        3.2008185
       2901.7441    2.5215112e-06     0.0062848862    7.7489916e-06        3.0731538
       2901.7441    3.6904505e-06     0.0092009249    1.0574194e-05        2.8652854
       2901.7441    4.7517878e-06      0.011851045    1.2280147e-05        2.5843214
       2901.7441    5.6739277e-06      0.014156328    1.2708087e-05        2.2397337
       2901.7441    6.4288895e-06      0.016046361    1.1847989e-05        1.8429293
       2901.7441    6.9931466e-06      0.017461477    9.8377392e-06        1.4067686
       2901.7441    7.3484082e-06       0.01835492    6.9447371e-06       0.94506686
       2901.7441    7.4823108e-06      0.018694803     3.532504e-06       0.47211404
       2901.7441    7.3889797e-06      0.018465703    1.6493199e-08     0.0022321348
       2901.7441    7.0694201e-06      0.017669753   -3.1856401e-06      -0.45062255
       2901.7441    6.5317021e-06       0.01632712   -5.7035821e-06      -0.87321528
       2901.7441    5.7909107e-06      0.014475803   -7.2580613e-06        -1.253354
       2901.7441    4.8688437e-06       0.01217074   -7.6936518e-06       -1.5801805
       2901.7441    3.7934478e-06     0.0094822417   -6.9967493e-06       -1.8444301
       2901.7441    2.5979948e-06     0.0064937968   -5.2964171e-06       -2.0386558
       2901.7441    1.3200122e-06     0.0032993299   -2.8478045e-06       -2.1574077
       2901.7441   -8.4703295e-21    9.1534603e-18   -1.0508835e-19        12.406642
