       2901.7441   -1.8627688e-07   -0.00047523685    7.2013806e-06        -38.65955
       2901.7441   -3.6074497e-07   -0.00091953291    1.3294429e-05       -36.852707
       2901.7441   -5.1277826e-07    -0.0013050984    1.7342296e-05       -33.820263
       2901.7441   -6.3394833e-07    -0.0016100037    1.8723544e-05       -29.534812
       2901.7441   -7.1873456e-07    -0.0018200842    1.7225994e-05       -23.967115
       2901.7441   -7.6484836e-07    -0.0019298182    1.3076766e-05       -17.097201
       2901.7441   -7.7315277e-07    -0.0019421174    6.9054134e-06       -8.9314992
       2901.7441   -7.4721792e-07    -0.0018671264   -3.5278484e-07       0.47213113
       2901.7441   -6.9259706e-07    -0.0017202466   -7.5980224e-06        10.970336
       2901.7441   -6.1593647e-07    -0.0015196888    -1.373079e-05        22.292543
       2901.7441   -5.2404615e-07    -0.0012839011   -1.7816759e-05        33.998454
       2901.7441   -4.2305898e-07    -0.0010292313   -1.9228116e-05        45.450202
       2901.7441   -3.1779426e-07    -0.0007681547    -1.774044e-05        55.823663
       2901.7441   -2.1141505e-07   -0.00050832786   -1.3569672e-05        64.184986
       2901.7441   -1.0542558e-07    -0.0002526054   -7.3420383e-06        69.641903
       2901.7441   -1.0745076e-21    1.6919338e-18    2.1163625e-19       -196.96115
       2901.7441    1.0542558e-07     0.0002526054    7.3420383e-06        69.641903
       2901.7441    2.1141505e-07    0.00050832786    1.3569672e-05        64.184986
       2901.7441    3.1779426e-07     0.0007681547     1.774044e-05        55.823663
       2901.7441    4.2305898e-07     0.0010292313    1.9228116e-05        45.450202
       2901.7441    5.2404615e-07     0.0012839011    1.7816759e-05        33.998454
       2901.7441    6.1593647e-07     0.0015196888     1.373079e-05        22.292543
       2901.7441    6.9259706e-07     0.0017202466    7.5980224e-06        10.970336
       2901.7441    7.4721792e-07     0.0018671264    3.5278484e-07       0.47213113
       2901.7441    7.7315277e-07     0.0019421174   -6.9054134e-06       -8.9314992
       2901.7441    7.6484836e-07     0.0019298182   -1.3076766e-05       -17.097201
       2901.7441    7.1873456e-07     0.0018200842   -1.7225994e-05       -23.967115
       2901.7441    6.3394833e-07     0.0016100037   -1.8723544e-05       -29.534812
       2901.7441    5.1277826e-07     0.0013050984   -1.7342296e-05       -33.820263
       2901.7441    3.6074497e-07    0.00091953291   -1.3294429e-05       -36.852707
       2901.7441    1.8627688e-07    0.00047523685   -7.2013806e-06        -38.65955
       2901.7441   -3.4410713e-22    1.2116833e-18   -1.3719867e-19        398.70918
