       2901.7441    -0.0010009877       -2.9006545    -0.0010014907        1.0005025
       2901.7441    -0.0010006361       -2.8997632   -0.00099821387       0.99757931
       2901.7441    -0.0010000503       -2.8982737    -0.0009964105       0.99636041
       2901.7441   -0.00099925089       -2.8962391    -0.0009964258        0.9971728
       2901.7441   -0.00099826799       -2.8937363   -0.00099835086         1.000083
       2901.7441   -0.00099713996       -2.8908637    -0.0010020042        1.0048782
       2901.7441   -0.00099591199       -2.8877365    -0.0010069549        1.0110883
       2901.7441   -0.00099463404       -2.8844817    -0.0010125843        1.0180471
       2901.7441   -0.00099335839       -2.8812322    -0.0010181759        1.0249835
       2901.7441   -0.00099213715       -2.8781204    -0.0010230203        1.0311279
       2901.7441   -0.00099101968       -2.8752719    -0.0010265176        1.0358195
       2901.7441   -0.00099005034          -2.8728    -0.0010282632        1.0385969
       2901.7441   -0.00098926659       -2.8708008    -0.0010281033        1.0392581
       2901.7441   -0.00098869763       -2.8693494    -0.0010261526        1.0378832
       2901.7441   -0.00098836347       -2.8684973    -0.0010227736        1.0348153
       2901.7441   -0.00098827445       -2.8682712    -0.0010185192        1.0306036
       2901.7441   -0.00098843122       -2.8686726    -0.0010140482        1.0259168
       2901.7441   -0.00098882513       -2.8696785    -0.0010100256        1.0214401
       2901.7441   -0.00098943889       -2.8712437    -0.0010070225        1.0177713
       2901.7441   -0.00099024755       -2.8733037    -0.0010054295        1.0153315
       2901.7441   -0.00099121961       -2.8757772    -0.0010053992        1.0143052
       2901.7441   -0.00099231833       -2.8785705    -0.0010068254        1.0146194
       2901.7441   -0.00099350299       -2.8815805     -0.001009363        1.0159637
       2901.7441   -0.00099473026        -2.884698    -0.0010124866        1.0178504
       2901.7441   -0.00099595558       -2.8878111    -0.0010155768        1.0197009
       2901.7441   -0.00099713454       -2.8908083    -0.0010180205         1.020946
       2901.7441   -0.00099822421       -2.8935813    -0.0010193105        1.0211238
       2901.7441   -0.00099918444       -2.8960284    -0.0010191267        1.0199585
       2901.7441    -0.0009999791       -2.8980571    -0.0010173885        1.0174098
       2901.7441    -0.0010005773       -2.8995877     -0.001014271        1.0136858
       2901.7441    -0.0010009547       -2.9005567    -0.0010101809        1.0092174
       2901.7441    -0.0010010942       -2.9009197    -0.0010056982        1.0045989
