       2901.7441   -1.0319941e-07   -0.00027123398    7.3481966e-06       -71.203863
       2901.7441   -1.3389573e-07   -0.00035650398     1.352525e-05        -101.0133
       2901.7441   -1.5098418e-07   -0.00040474914    1.7656125e-05       -116.94023
       2901.7441   -1.5117407e-07   -0.00040687686     1.910943e-05       -126.40679
       2901.7441   -1.3349601e-07    -0.0003601743    1.7658626e-05        -132.2783
       2901.7441     -9.95041e-08   -0.00026885873    1.3519126e-05       -135.86501
       2901.7441   -5.3101033e-08   -0.00014359193     7.318084e-06       -137.81434
       2901.7441    2.2697836e-21    1.5832067e-18   -1.5763252e-19       -69.448259
       2901.7441    5.3101033e-08    0.00014359193    -7.318084e-06       -137.81434
       2901.7441      9.95041e-08    0.00026885873   -1.3519126e-05       -135.86501
       2901.7441    1.3349601e-07     0.0003601743   -1.7658626e-05        -132.2783
       2901.7441    1.5117407e-07    0.00040687686    -1.910943e-05       -126.40679
       2901.7441    1.5098418e-07    0.00040474914   -1.7656125e-05       -116.94023
       2901.7441    1.3389573e-07    0.00035650398    -1.352525e-05        -101.0133
       2901.7441    1.0319941e-07    0.00027123398   -7.3481966e-06       -71.203863
       2901.7441    6.3971511e-08    0.00016294112   -6.3977519e-08       -1.0000939
       2901.7441    2.2292421e-08    4.8384906e-05    7.2226925e-06        323.99768
       2901.7441   -1.5665611e-08   -5.5433763e-05    1.3407007e-05       -855.82407
       2901.7441   -4.4553516e-08    -0.0001337983    1.7549681e-05       -393.90115
       2901.7441   -6.0635476e-08   -0.00017645673    1.9018878e-05       -313.65924
       2901.7441    -6.233901e-08   -0.00017913747    1.7587457e-05       -282.12602
       2901.7441    -5.047773e-08   -0.00014415993     1.347009e-05       -266.85214
       2901.7441   -2.8103285e-08   -8.0021474e-05    7.2930813e-06       -259.50993
       2901.7441   -1.1249656e-22    9.4217987e-19    1.4595604e-20       -129.74266
       2901.7441    2.8103285e-08    8.0021474e-05   -7.2930813e-06       -259.50993
       2901.7441     5.047773e-08    0.00014415993    -1.347009e-05       -266.85214
       2901.7441     6.233901e-08    0.00017913747   -1.7587457e-05       -282.12602
       2901.7441    6.0635476e-08    0.00017645673   -1.9018878e-05       -313.65924
       2901.7441    4.4553516e-08     0.0001337983   -1.7549681e-05       -393.90115
       2901.7441    1.5665611e-08    5.5433763e-05   -1.3407007e-05       -855.82407
       2901.7441   -2.2292421e-08   -4.8384906e-05   -7.2226925e-06        323.99768
       2901.7441   -6.3971511e-08   -0.00016294112    6.3977519e-08       -1.0000939
