       2901.7441    -0.0010020379       -2.9029757    -0.0010116899        1.0096324
       2901.7441    -0.0010016211       -2.9019398    -0.0010082364        1.0066046
       2901.7441    -0.0010009326        -2.900223     -0.001005772        1.0048349
       2901.7441   -0.00099999731       -2.8978879    -0.0010046349        1.0046376
       2901.7441   -0.00099885073       -2.8950237     -0.001004948        1.0061043
       2901.7441   -0.00099753757       -2.8917426    -0.0010066021        1.0090869
       2901.7441   -0.00099610996       -2.8881751    -0.0010092742        1.0132157
       2901.7441   -0.00099462521       -2.8844645    -0.0010124803        1.0179516
       2901.7441   -0.00099314315       -2.8807598    -0.0010156527         1.022665
       2901.7441   -0.00099172335       -2.8772099    -0.0010182304        1.0267283
       2901.7441   -0.00099042247       -2.8739564    -0.0010197476        1.0296087
       2901.7441   -0.00098929173       -2.8711275    -0.0010199062        1.0309458
       2901.7441    -0.0009883748       -2.8688331    -0.0010186228        1.0306038
       2901.7441    -0.0009877062       -2.8671603    -0.0010160426        1.0286891
       2901.7441   -0.00098731005       -2.8661699    -0.0010125192        1.0255331
       2901.7441   -0.00098719945       -2.8658948    -0.0010085631        1.0216406
       2901.7441   -0.00098737622       -2.8663393    -0.0010047669         1.017613
       2901.7441   -0.00098783119       -2.8674794    -0.0010017167        1.0140566
       2901.7441   -0.00098854487       -2.8692651   -0.00099990295        1.0114897
       2901.7441   -0.00098948846       -2.8716231   -0.00099964369        1.0102631
       2901.7441   -0.00099062521       -2.8744606    -0.0010010329        1.0105062
       2901.7441   -0.00099191188       -2.8776694    -0.0010039223        1.0121084
       2901.7441   -0.00099330034         -2.88113     -0.001007941        1.0147394
       2901.7441    -0.0009947393       -2.8847157    -0.0010125497        1.0179046
       2901.7441   -0.00099617594       -2.8882962     -0.001017122        1.0210265
       2901.7441    -0.0009975576       -2.8917419    -0.0010210381         1.023538
       2901.7441   -0.00099883345        -2.894927    -0.0010237775        1.0249732
       2901.7441   -0.00099995605       -2.8977335    -0.0010249947        1.0250397
       2901.7441    -0.0010008829       -2.9000549    -0.0010245681        1.0236643
       2901.7441     -0.001001578          -2.9018    -0.0010226146        1.0210035
       2901.7441    -0.0010020131       -2.9028968    -0.0010194688        1.0174206
       2901.7441    -0.0010021694       -2.9032964    -0.0010156308        1.0134323
