       2901.7441   -6.5880725e-07    -0.0017359461    6.7544725e-05       -102.52578
       2901.7441   -1.2458594e-06    -0.0032800278    0.00012442936       -99.874316
       2901.7441   -1.7008199e-06    -0.0044704777    0.00016182061       -95.142711
       2901.7441   -1.9835392e-06    -0.0051989861    0.00017415188       -87.798559
       2901.7441   -2.0784703e-06    -0.0054229099    0.00015990142        -76.93226
       2901.7441   -1.9944068e-06    -0.0051653301    0.00012161665       -60.978859
       2901.7441   -1.7605337e-06     -0.004505273    6.5291838e-05       -37.086389
       2901.7441   -1.4205284e-06    -0.0035623673   -6.5922171e-07       0.46406795
       2901.7441   -1.0262413e-06    -0.0024797897   -6.6595136e-05         64.89228
       2901.7441   -6.3154439e-07    -0.0014070665   -0.00012287177        194.55761
       2901.7441   -2.8610454e-07   -0.00048229235   -0.00016106821        562.96977
       2901.7441   -2.8835051e-08    0.00018657724   -0.00017518185        6075.3091
       2901.7441    1.1835786e-07     0.0005394342   -0.00016265978       -1374.3049
       2901.7441    1.5492163e-07    0.00057623924   -0.00012502504        -807.0212
       2901.7441    1.0229842e-07      0.000358841   -6.7854459e-05       -663.29918
       2901.7441   -9.2114833e-21    6.0619481e-18    2.4637379e-18       -267.46375
       2901.7441   -1.0229842e-07     -0.000358841    6.7854459e-05       -663.29918
       2901.7441   -1.5492163e-07   -0.00057623924    0.00012502504        -807.0212
       2901.7441   -1.1835786e-07    -0.0005394342    0.00016265978       -1374.3049
       2901.7441    2.8835051e-08   -0.00018657724    0.00017518185        6075.3091
       2901.7441    2.8610454e-07    0.00048229235    0.00016106821        562.96977
       2901.7441    6.3154439e-07     0.0014070665    0.00012287177        194.55761
       2901.7441    1.0262413e-06     0.0024797897    6.6595136e-05         64.89228
       2901.7441    1.4205284e-06     0.0035623673    6.5922171e-07       0.46406795
       2901.7441    1.7605337e-06      0.004505273   -6.5291838e-05       -37.086389
       2901.7441    1.9944068e-06     0.0051653301   -0.00012161665       -60.978859
       2901.7441    2.0784703e-06     0.0054229099   -0.00015990142        -76.93226
       2901.7441    1.9835392e-06     0.0051989861   -0.00017415188       -87.798559
       2901.7441    1.7008199e-06     0.0044704777   -0.00016182061       -95.142711
       2901.7441    1.2458594e-06     0.0032800278   -0.00012442936       -99.874316
       2901.7441    6.5880725e-07     0.0017359461   -6.7544725e-05       -102.52578
       2901.7441    2.0169972e-20    1.3639551e-17   -2.9191207e-18       -144.72607
