       2901.7441     -3.16801e-06    -0.0080695879    6.0738216e-06       -1.9172356
       2901.7441   -2.9993284e-06    -0.0076421676    8.3689391e-06        -2.790271
       2901.7441   -2.7119842e-06    -0.0069115788    9.7289249e-06       -3.5873826
       2901.7441   -2.3158694e-06    -0.0059030167    9.9125884e-06       -4.2802882
       2901.7441   -1.8257492e-06    -0.0046542267    8.8457398e-06       -4.8449918
       2901.7441   -1.2607816e-06     -0.003214212     6.634653e-06       -5.2623334
       2901.7441   -6.4374467e-07    -0.0016412058    3.5524264e-06        -5.518378
       2901.7441    1.0587912e-22    2.7224838e-18     4.086769e-20        385.98442
       2901.7441    6.4374467e-07     0.0016412058   -3.5524264e-06        -5.518378
       2901.7441    1.2607816e-06      0.003214212    -6.634653e-06       -5.2623334
       2901.7441    1.8257492e-06     0.0046542267   -8.8457398e-06       -4.8449918
       2901.7441    2.3158694e-06     0.0059030167   -9.9125884e-06       -4.2802882
       2901.7441    2.7119842e-06     0.0069115788   -9.7289249e-06       -3.5873826
       2901.7441    2.9993284e-06     0.0076421676   -8.3689391e-06        -2.790271
       2901.7441      3.16801e-06     0.0080695879   -6.0738216e-06       -1.9172356
       2901.7441     3.213199e-06     0.0081817298   -3.2135594e-06       -1.0001122
       2901.7441    3.1350527e-06      0.007979389   -2.2996084e-07     -0.073351506
       2901.7441    2.9384201e-06     0.0074754714    2.4304779e-06       0.82713767
       2901.7441    2.6323817e-06     0.0066937204    4.3838705e-06        1.6653628
       2901.7441    2.2296804e-06     0.0056671328    5.3664054e-06        2.4068047
       2901.7441    1.7460952e-06     0.0044362285    5.2733602e-06        3.0200875
       2901.7441    1.1998003e-06     0.0030473181    4.1736801e-06        3.4786456
       2901.7441    6.1073582e-07     0.0015508671     2.297739e-06         3.762247
       2901.7441    1.7205357e-21   -4.0740048e-19   -1.9850021e-19       -115.37117
       2901.7441   -6.1073582e-07    -0.0015508671    -2.297739e-06         3.762247
       2901.7441   -1.1998003e-06    -0.0030473181   -4.1736801e-06        3.4786456
       2901.7441   -1.7460952e-06    -0.0044362285   -5.2733602e-06        3.0200875
       2901.7441   -2.2296804e-06    -0.0056671328   -5.3664054e-06        2.4068047
       2901.7441   -2.6323817e-06    -0.0066937204   -4.3838705e-06        1.6653628
       2901.7441   -2.9384201e-06    -0.0074754714   -2.4304779e-06       0.82713767
       2901.7441   -3.1350527e-06     -0.007979389    2.2996084e-07     -0.073351506
       2901.7441    -3.213199e-06    -0.0081817298    3.2135594e-06       -1.0001122
