       2901.7441   -1.4829099e-06    -0.0037064981    3.1835492e-06       -2.1468258
       2901.7441   -2.9061225e-06    -0.0072640411    5.8035198e-06       -1.9969977
       2901.7441   -4.2126825e-06     -0.010530321    7.3856091e-06       -1.7531843
       2901.7441   -5.3509257e-06     -0.013375933    7.6199885e-06       -1.4240505
       2901.7441   -6.2766741e-06     -0.015689893    6.4107284e-06       -1.0213575
       2901.7441   -6.9549722e-06     -0.017384162    3.8920317e-06       -0.5596042
       2901.7441   -7.3613093e-06     -0.018396969    4.0918281e-07     -0.055585603
       2901.7441   -7.4823108e-06     -0.018694803    -3.532504e-06       0.47211404
       2901.7441   -7.3159129e-06     -0.018273011   -7.3429084e-06          1.00369
       2901.7441   -6.8710575e-06     -0.017155019   -1.0435451e-05        1.5187546
       2901.7441   -6.1669699e-06     -0.015390308   -1.2315807e-05        1.9970598
       2901.7441    -5.232101e-06     -0.013051418   -1.2658061e-05        2.4193075
       2901.7441   -4.1028276e-06     -0.010230281   -1.1356744e-05        2.7680285
       2901.7441   -2.8219945e-06    -0.0070342531   -8.5463315e-06         3.028472
       2901.7441   -1.4373627e-06    -0.0035820846   -4.5843598e-06        3.1894246
       2901.7441   -1.9322939e-21   -6.2705921e-19    4.6122108e-19       -238.69095
       2901.7441    1.4373627e-06     0.0035820846    4.5843598e-06        3.1894246
       2901.7441    2.8219945e-06     0.0070342531    8.5463315e-06         3.028472
       2901.7441    4.1028276e-06      0.010230281    1.1356744e-05        2.7680285
       2901.7441     5.232101e-06      0.013051418    1.2658061e-05        2.4193075
       2901.7441    6.1669699e-06      0.015390308    1.2315807e-05        1.9970598
       2901.7441    6.8710575e-06      0.017155019    1.0435451e-05        1.5187546
       2901.7441    7.3159129e-06      0.018273011    7.3429084e-06          1.00369
       2901.7441    7.4823108e-06      0.018694803     3.532504e-06       0.47211404
       2901.7441    7.3613093e-06      0.018396969   -4.0918281e-07     -0.055585603
       2901.7441    6.9549722e-06      0.017384162   -3.8920317e-06       -0.5596042
       2901.7441    6.2766741e-06      0.015689893   -6.4107284e-06       -1.0213575
       2901.7441    5.3509257e-06      0.013375933   -7.6199885e-06       -1.4240505
       2901.7441    4.2126825e-06      0.010530321   -7.3856091e-06       -1.7531843
       2901.7441    2.9061225e-06     0.0072640411   -5.8035198e-06       -1.9969977
       2901.7441    1.4829099e-06     0.0037064981   -3.1835492e-06       -2.1468258
       2901.7441   -8.4173899e-21    9.1535117e-18   -9.3411863e-20        11.097486
