       2901.7441    -3.694313e-06    -0.0092326645    1.0650905e-06      -0.28830544
       2901.7441   -3.4944173e-06    -0.0087360213    3.5418801e-06       -1.0135824
       2901.7441   -3.1569287e-06    -0.0078944017    5.2933761e-06       -1.6767487
       2901.7441   -2.6937567e-06    -0.0067375128    6.0717787e-06        -2.254019
       2901.7441    -2.122303e-06     -0.005308965    5.7834138e-06        -2.725065
       2901.7441   -1.4648626e-06    -0.0036647052    4.5023161e-06       -3.0735416
       2901.7441   -7.4772288e-07    -0.0018707029    2.4581315e-06       -3.2874901
       2901.7441    2.4616895e-21    2.8748388e-18   -4.6705932e-20       -18.973121
       2901.7441    7.4772288e-07     0.0018707029   -2.4581315e-06       -3.2874901
       2901.7441    1.4648626e-06     0.0036647052   -4.5023161e-06       -3.0735416
       2901.7441     2.122303e-06      0.005308965   -5.7834138e-06        -2.725065
       2901.7441    2.6937567e-06     0.0067375128   -6.0717787e-06        -2.254019
       2901.7441    3.1569287e-06     0.0078944017   -5.2933761e-06       -1.6767487
       2901.7441    3.4944173e-06     0.0087360213   -3.5418801e-06       -1.0135824
       2901.7441     3.694313e-06     0.0092326645   -1.0650905e-06      -0.28830544
       2901.7441    3.7504875e-06     0.0093692995    1.7720971e-06       0.47249779
       2901.7441    3.6625906e-06     0.0091455616    4.5425021e-06        1.2402429
       2901.7441    3.4357901e-06     0.0085750437    6.8210667e-06        1.9852979
       2901.7441    3.0803054e-06      0.007684011     8.249331e-06        2.6780887
       2901.7441    2.6107907e-06     0.0065097068    8.5903936e-06        3.2903417
       2901.7441    2.0456253e-06     0.0050984251    7.7660354e-06        3.7964115
       2901.7441    1.4061583e-06     0.0035035167    5.8701654e-06        4.1746119
       2901.7441      7.15946e-07     0.0017834509    3.1562032e-06        4.4084375
       2901.7441    4.7513254e-21   -7.4086283e-19    7.5897139e-20        15.973888
       2901.7441     -7.15946e-07    -0.0017834509   -3.1562032e-06        4.4084375
       2901.7441   -1.4061583e-06    -0.0035035167   -5.8701654e-06        4.1746119
       2901.7441   -2.0456253e-06    -0.0050984251   -7.7660354e-06        3.7964115
       2901.7441   -2.6107907e-06    -0.0065097068   -8.5903936e-06        3.2903417
       2901.7441   -3.0803054e-06     -0.007684011    -8.249331e-06        2.6780887
       2901.7441   -3.4357901e-06    -0.0085750437   -6.8210667e-06        1.9852979
       2901.7441   -3.6625906e-06    -0.0091455616   -4.5425021e-06        1.2402429
       2901.7441   -3.7504875e-06    -0.0093692995   -1.7720971e-06       0.47249779
